#       N                  timestamp acceptance_rate         Rminus1      Rminus1_cl
 160  2023-02-20T01:08:17.684527  0.469208  1.08553  NaN
 320  2023-02-20T01:09:35.460933  0.315893  0.298843  NaN
 480  2023-02-20T01:10:41.809103  0.29304  0.189591  NaN
 640  2023-02-20T01:11:47.387954  0.279598  0.137324  NaN
 800  2023-02-20T01:12:57.191620  0.268637  0.0750837  NaN
 960  2023-02-20T01:13:56.288189  0.262152  0.0825716  NaN
 1120  2023-02-20T01:15:03.407888  0.263405  0.0921471  NaN
 1280  2023-02-20T01:16:19.593888  0.2665  0.0686708  NaN
 1440  2023-02-20T01:17:32.388824  0.263736  0.0838348  NaN
 1600  2023-02-20T01:18:40.403710  0.261182  0.0561154  NaN
 1760  2023-02-20T01:32:05.834383  0.261438  0.0659811  NaN
